996
492
816
101
757
141
120
781
940
380
284
670
690
892
208
640
966
173
387
370
983
567
287
852
551
395
710
612
196
461
172
744
238
997
622
440
630
985
137
840
348
53
245
691
105
997
349
16
431
192
33
86
511
201
514
820
710
51
713
591
897
226
58
444
232
26
724
34
460
852
552
772
643
954
911
31
934
681
194
283
726
428
424
215
582
540
678
107
478
389
439
808
582
14
46
227
553
130
641
56
93
865
546
263
596
618
152
626
610
572
709
631
390
453
873
83
269
944
529
113
819
432
566
256
451
249
579
636
657
961
364
290
54
688
893
772
160
918
574
460
743
897
232
847
174
638
443
746
950
988
163
926
693
595
345
855
343
818
444
92
563
696
943
884
658
623
9
301
863
942
763
851
406
472
458
22
76
287
332
331
414
566
918
280
531
854
361
342
18
614
953
951
876
677
694
617
498
575
242
858
371
644
953
684
795
634
547
814
775
521
323
507
184
775
84
575
535
647
604
124
167
43
493
722
763
363
132
713
657
383
323
254
398
312
695
323
23
211
137
112
45
897
606
662
620
367
283
170
890
516
864
801
264
884
835
286
133
228
404
253
618
734
562
914
74
276
994
133
86
573
178
714
824
414
697
173
964
914
684
909
795
274
990
334
614
294
788
480
439
618
196
576
792
264
556
379
293
349
821
36
396
764
345
948
462
956
721
338
762
271
744
966
594
100
303
435
690
386
663
964
413
228
869
971
684
311
633
229
623
477
89
171
796
279
340
133
876
262
662
974
633
892
111
970
851
407
912
973
799
305
151
702
343
99
817
954
103
893
476
160
410
966
705
580
160
358
314
952
791
576
990
748
488
932
399
251
812
135
497
230
208
745
270
466
823
150
380
248
310
665
425
669
8
971
733
820
330
992
827
460
129
174
983
662
365
145
782
475
506
948
922
277
160
825
626
723
961
382
891
163
684
920
182
718
71
48
753
899
992
693
108
882
286
114
167
491
584
423
145
239
172
428
644
520
196
495
388
789
775
942
312
703
463
155
37
266
400
880
775
233
938
232
900
462
199
242
480
599
220
321
360
705
110
844
197
451
511
627
650
900
159
697
646
459
139
633
737
128
630
274
247
332
342
921
963
584
187
715
624
558
947
893
571
680
429
624
719
524
678
949
8
83
933
451
694
806
749
127
137
971
758
860
719
17
806
209
419
44
614
489
257
29
556
398
48
630
105
670
346
124
992
81
956
629
198
660
212
215
163
10
735
530
799
233
459
400
695
613
125
822
832
623
537
818
659
354
166
296
736
699
470
373
647
671
480
389
489
483
111
119
824
235
278
446
698
552
649
362
80
949
556
293
676
390
906
338
511
891
490
582
416
845
230
2
27
420
898
664
974
444
179
916
263
462
701
1000
515
360
763
32
911
117
231
685
462
824
354
889
817
530
289
622
839
187
481
121
317
651
541
663
911
933
453
66
716
138
954
99
273
528
405
568
432
910
622
252
967
42
618
996
260
928
951
242
271
592
135
978
618
487
4
433
584
696
557
824
502
676
56
209
99
310
269
152
486
678
176
906
149
391
371
576
502
330
414
57
847
135
235
492
784
894
689
512
210
160
69
899
551
218
307
31
114
787
118
904
81
311
106
965
236
253
417
545
36
847
4
761
306
577
770
563
975
786
618
726
764
891
647
61
736
397
842
776
525
990
319
838
159
855
22
222
692
982
376
128
418
877
847
130
790
337
239
621
143
80
540
237
710
511
152
23
117
43
584
184
900
517
659
202
958
257
280
799
886
787
411
506
772
469
298
603
389
725
394
183
501
582
550
480
944
773
803
881
504
350
10
291
603
472
279
208
514
944
78
729
410
302
813
569
57
947
912
682
125
226
790
549
737
530
673
942
250
505
801
394
55
140
23
867
92
962
262
7
439
838
207
385
662
848
365
552
912
365
430
259
209
911
11
239
275
345
988
226
322
301
775
111
927
990
558
977
181
518
503
108
39
941
349
978
726
382
415
453
198
594
112
982
942
494
415
265
433
700
496
412
778
605
203
93
31
168
607
642
393
415
274
998
8
290
503
439
901
902
369
380
827
407
790
511
999
415
858
278
448
769
458
42
263
428
401
777
187
954
164
973
684
886
877
610
43
392
977
239
336
36
449
487
338
262
591
877
326
130
69
98
831
938
405
407
731
334
377
363
939
629
744
10
407
916
988
339
662
999
299
791
686
705
496
477
182
276
287
570
975
84
704
364
67
285
958
912
737
701
970
793
810
674
764
338